16384 0
8192 0
4096 0
2048 0
1024 0
512 0
256 0
128 0
64 0
32 0
16 0
8 0
4 0
2 0
1 0
1 0
1 0
1 0
1 0
1 0
1 0
1 0
1 0
1 0
1 0
1 0
1 0
1 0
1 0
1 0
1 0
1 0
1 0
1 0
1 0
1 0
1 0
1 0
1 0
1 0
1 0
1 0
1 0
1 0
1 0
1 0
1 0
1 0
1 0
1 0
1 0
1 0
1 0
1 0
1 0
1 0
1 0
1 0
1 0
1 0
1 0
1 0
1 0
1 0
1 0
1 0
1 0
1 0
1 0
1 0
1 0
1 0
1 0
1 0
1 0
1 0
1 0
1 0
1 0
1 0
1 0
1 0
1 0
1 0
1 0
1 0
1 0
1 0
1 0
1 0
1 0
1 0
1 0
1 0
1 0
1 0
1 0
1 0
1 0
1 0
1 0
1 0
1 0
1 0
1 0
1 0
1 0
1 0
1 0
1 0
1 0
1 0
1 0
1 0
1 0
1 0
1 0
1 0
1 0
1 0
1 0
1 0
1 0
1 0
1 0
1 0
1 0
1 0
1 0
1 0
1 0
1 0
1 0
1 0
1 0
1 0
1 0
1 0
1 0
1 0
1 0
1 0
1 0
1 0
1 0
1 0
1 0
1 0
1 0
1 0
1 0
1 0
1 0
1 0
1 0
1 0
1 0
1 0
1 0
1 0
1 0
1 0
1 0
1 0
1 0
1 0
1 0
1 0
1 0
1 0
1 0
1 0
1 0
1 0
1 0
1 0
1 0
1 0
1 0
1 0
1 0
1 0
1 0
1 0
1 0
1 0
1 0
1 0
1 0
1 0
1 0
1 0
1 0
1 0
1 0
1 0
1 0
1 0
1 0
1 0
1 0
1 0
1 0
1 0
1 0
1 0
1 0
1 0
1 0
1 0
1 0
1 0
1 0
1 0
1 0
1 0
1 0
1 0
1 0
1 0
1 0
1 0
1 0
1 0
1 0
1 0
1 0
1 0
1 0
1 0
1 0
1 0
1 0
1 0
1 0
1 0
1 0
1 0
1 0
1 0
1 0
1 0
1 0
1 0
1 0
1 0
1 0
1 0
1 0
1 0
1 0
1 0
1 0
1 0
1 0
1 0
65531 130267
32765 65133
16382 32566
8191 16283
4095 8142
2047 4071
1023 2036
511 1018
65786 130776
32893 65389
16447 32695
8224 16349
4112 8176
2056 4089
1028 2046
514 1024
257 513
129 258
65 130
33 66
17 34
9 18
5 10
3 6
131063 260538
65532 130271
32767 65138
16385 32572
8194 16289
4098 8148
2050 4077
1026 2042
-130548 -259511
-65274 -129754
-32637 -64876
-16319 -32437
-8160 -16218
-4080 -8108
-2040 -4053
-1020 -2026
130552 259523
65277 129764
32640 64885
16321 32445
8162 16226
4082 8116
2042 4061
1022 2034
512 1020
257 513
130 260
66 133
34 70
18 38
10 22
6 14
262126 521078
131065 260544
65535 130278
32770 65146
16388 32580
8197 16297
4102 8156
2054 4085
-392154 -779553
-196076 -389773
-98038 -194884
-49019 -97441
-24510 -48719
-12255 -24359
-6128 -12179
-3064 -6089
129530 257491
64766 128748
32384 64377
16193 32191
8098 16099
4050 8053
2026 4030
1014 2018
508 1012
255 509
129 258
66 132
34 69
18 38
10 22
6 14
262126 521078
131065 260544
65535 130278
32770 65146
16388 32580
8197 16297
4102 8156
2054 4085
-261093 -519019
-130545 -259505
-65271 -129749
-32635 -64871
-16317 -32433
-8158 -16214
-4078 -8104
-2038 -4049
261105 519047
130555 259529
65280 129771
32643 64892
16325 32453
8166 16234
4086 8124
2046 4069
1026 2042
516 1028
261 521
134 268
70 141
38 78
22 46
14 30
524254 1042158
262132 521090
131072 260558
65543 130293
32778 65161
16396 32595
8205 16313
4110 8172
-915366 -1819638
-457680 -909811
-228839 -454901
-114419 -227448
-57209 -113722
-28605 -56860
-14303 -28429
-7152 -14214
127486 253429
63744 126717
31873 63361
15938 31683
7970 15845
3986 7926
1994 3966
998 1986
500 996
251 501
127 254
65 130
34 68
18 37
10 22
6 14
262126 521078
131065 260544
65535 130278
32770 65146
16388 32580
8197 16297
4102 8156
2054 4085
-261093 -519019
-130545 -259505
-65271 -129749
-32635 -64871
-16317 -32433
-8158 -16214
-4078 -8104
-2038 -4049
261105 519047
130555 259529
65280 129771
32643 64892
16325 32453
8166 16234
4086 8124
2046 4069
1026 2042
516 1028
261 521
134 268
70 141
38 78
22 46
14 30
524254 1042158
262132 521090
131072 260558
65543 130293
32778 65161
16396 32595
8205 16313
4110 8172
-784305 -1559104
-392149 -779543
-196072 -389766
-98035 -194879
-49016 -97436
-24507 -48715
-12253 -24355
-6126 -12175
259061 514984
129533 257497
64769 128755
32388 64384
16197 32199
8102 16107
4054 8061
2030 4038
1018 2026
512 1020
259 517
133 266
70 140
38 77
22 46
14 30
524254 1042158
262132 521090
131072 260558
65543 130293
32778 65161
16396 32595
8205 16313
4110 8172
-522183 -1038036
-261087 -519007
-130540 -259495
-65267 -129740
-32631 -64863
-16313 -32425
-8154 -16206
-4074 -8096
522211 1038096
261111 519059
130562 259543
65288 129786
32651 64908
16333 32469
8174 16250
4094 8140
2054 4085
1034 2058
524 1044
269 537
142 284
78 157
46 94
30 62
1048510 2084318
524266 1042182
262146 521118
131087 260588
65558 130324
32794 65193
16412 32627
8221 16344
-2092851 -4160342
-1046419 -2080156
-523207 -1040071
-261603 -520033
-130802 -260016
-65402 -130008
-32702 -65005
-16352 -32504
-8177 -16253
-4090 -8128
-2046 -4065
-1024 -2034
-513 -1018
-258 -510
-130 -256
-66 -129
-34 -66
-18 -34
-10 -18
-6 -10
-4 -6
-3 -4
-3 -3
-3 -3
-3 -3
-3 -3
-3 -3
-3 -3
-3 -3
-3 -3
-3 -3
-3 -3
-3 -3
-3 -3
-3 -3
-3 -3
-3 -3
-3 -3
-3 -3
-3 -3
-3 -3
-3 -3
-3 -3
-3 -3
-3 -3
-3 -3
-3 -3
-3 -3
-3 -3
-3 -3
-3 -3
-3 -3
-3 -3
-3 -3
-3 -3
-3 -3
-3 -3
-3 -3
-3 -3
-3 -3
-3 -3
-3 -3
-3 -3
-3 -3
-3 -3
-3 -3
-3 -3
-3 -3
-3 -3
-3 -3
-3 -3
-3 -3
-3 -3
-3 -3
-3 -3
-3 -3
-3 -3
-3 -3
-3 -3
-3 -3
-3 -3
-3 -3
-3 -3
-3 -3
-3 -3
-3 -3
-3 -3
-3 -3
-3 -3
-3 -3
-3 -3
-3 -3
-3 -3
-3 -3
-3 -3
-3 -3
-3 -3
-3 -3
-3 -3
-3 -3
-3 -3
-3 -3
-3 -3
-3 -3
-3 -3
-3 -3
-3 -3
-3 -3
-3 -3
-3 -3
-3 -3
-3 -3
-3 -3
-3 -3
-3 -3
-3 -3
-3 -3
-3 -3
-3 -3
-3 -3
-3 -3
-3 -3
-3 -3
-3 -3
-3 -3
-3 -3
-3 -3
-3 -3
-3 -3
-3 -3
-3 -3
-3 -3
-3 -3
-3 -3
-3 -3
-3 -3
-3 -3
-3 -3
-3 -3
-3 -3
-3 -3
-3 -3
-3 -3
-3 -3
-3 -3
-3 -3
-3 -3
-3 -3
-3 -3
-3 -3
-3 -3
-3 -3
-3 -3
-3 -3
-3 -3
-3 -3
-3 -3
-3 -3
-3 -3
-3 -3
-3 -3
-3 -3
-3 -3
-3 -3
-3 -3
-3 -3
-3 -3
-3 -3
-3 -3
-3 -3
-3 -3
-3 -3
-3 -3
-3 -3
-3 -3
-3 -3
-3 -3
-3 -3
-3 -3
-3 -3
-3 -3
-3 -3
-3 -3
-3 -3
-3 -3
-3 -3
-3 -3
-3 -3
-3 -3
-3 -3
-3 -3
-3 -3
-3 -3
-3 -3
-3 -3
-3 -3
-3 -3
-3 -3
-3 -3
-3 -3
-3 -3
-3 -3
-3 -3
-3 -3
-3 -3
-3 -3
-3 -3
-3 -3
-3 -3
-3 -3
-3 -3
-3 -3
-3 -3
-3 -3
-3 -3
-3 -3
-3 -3
-3 -3
-3 -3
-3 -3
-3 -3
-3 -3
-3 -3
-3 -3
-3 -3
-3 -3
-3 -3
-3 -3
-3 -3
-3 -3
-3 -3
-3 -3
-3 -3
-3 -3
-3 -3
-3 -3
-3 -3
-3 -3
-3 -3
-3 -3
-3 -3
-3 -3
-3 -3
-3 -3
-3 -3
-3 -3
-3 -3
-3 -3
-3 -3
-3 -3
-3 -3
-3 -3
-3 -3
-3 -3
-3 -3
-3 -3
-3 -3
65534 -3
-32770 -3
16383 -3
-24578 -3
20479 -3
-22530 -3
5119 -3
-13826 -3
58622 -3
-36226 -3
14655 -3
-25442 -3
20047 -3
-22746 -3
5011 -3
-13880 -3
58595 -3
-36239 -3
14648 -3
-25446 -3
20045 -3
-22747 -3
5010 -3
-13881 -3
58595 -3
-36239 -3
14648 -3
-25446 -3
20045 -3
-22747 -3
5010 -3
-13881 -3
58595 -3
-36239 -3
14648 -3
-25446 -3
20045 -3
-22747 -3
5010 -3
-13881 -3
58595 -3
-36239 -3
14648 -3
-25446 -3
20045 -3
-22747 -3
5010 -3
-13881 -3
58595 -3
-36239 -3
14648 -3
-25446 -3
20045 -3
-22747 -3
5010 -3
-13881 -3
58595 -3
-36239 -3
14648 -3
-25446 -3
20045 -3
-22747 -3
5010 -3
-13881 -3
-6942 -3
-3472 -3
-1737 -3
-870 -3
-436 -3
-219 -3
-111 -3
-57 -3
-30 -3
-16 -3
-9 -3
-6 -3
-4 -3
-3 -3
-3 -3
-3 -3
-3 -3
-3 -3
-3 -3
-3 -3
-3 -3
-3 -3
-3 -3
-3 -3
-3 -3
-3 -3
-3 -3
-3 -3
-3 -3
-3 -3
-3 -3
-3 -3
-3 -3
-3 -3
-3 -3
-3 -3
-3 -3
-3 -3
-3 -3
-3 -3
-3 -3
-3 -3
-3 -3
-3 -3
-3 -3
-3 -3
-3 -3
-3 -3
-3 -3
-3 -3
-3 -3
-3 -3
-3 -3
-3 -3
-3 -3
-3 -3
-3 -3
-3 -3
-3 -3
-3 -3
-3 -3
-3 -3
-3 -3
-3 -3
65534 -3
-32770 -3
16383 -3
-24578 -3
20479 -3
-22530 -3
5119 -3
-13826 -3
58622 -3
-36226 -3
14655 -3
-25442 -3
20047 -3
-22746 -3
5011 -3
-13880 -3
58595 -3
-36239 -3
14648 -3
-25446 -3
20045 -3
-22747 -3
5010 -3
-13881 -3
58595 -3
-36239 -3
14648 -3
-25446 -3
20045 -3
-22747 -3
5010 -3
-13881 -3
-6942 -3
-3472 -3
-1737 -3
-870 -3
-436 -3
-219 -3
-111 -3
-57 -3
-30 -3
-16 -3
-9 -3
-6 -3
-4 -3
-3 -3
-3 -3
-3 -3
-3 -3
-3 -3
-3 -3
-3 -3
-3 -3
-3 -3
-3 -3
-3 -3
-3 -3
-3 -3
-3 -3
-3 -3
-3 -3
-3 -3
-3 -3
-3 -3
65534 -3
-32770 -3
16383 -3
-24578 -3
20479 -3
-22530 -3
5119 -3
-13826 -3
58622 -3
-36226 -3
14655 -3
-25442 -3
20047 -3
-22746 -3
5011 -3
-13880 -3
-6941 -3
-3472 -3
-1737 -3
-870 -3
-436 -3
-219 -3
-111 -3
-57 -3
-30 -3
-16 -3
-9 -3
-6 -3
-4 -3
-3 -3
-3 -3
-3 -3
65534 -3
-32770 -3
16383 -3
-24578 -3
20479 -3
-22530 -3
5119 -3
-13826 -3
-6914 -3
-3458 -3
-1730 -3
-866 -3
-434 -3
-218 -3
-110 -3
-56 -3
65507 -3
-32783 -3
16376 -3
-24582 -3
-12292 -3
-6147 -3
-3075 -3
-1539 -3
64766 -3
-33154 -3
-16578 -3
-8290 -3
24479 -3
-8290 -3
0 0
0 0
16384 0
8191 0
4095 0
2047 0
9215 0
4607 0
10495 0
5247 0
19007 0
9503 0
4751 0
2375 0
9379 0
4689 0
-22233 0
-11117 0
10826 0
5413 0
2706 0
1353 0
8868 0
4434 0
43177 0
21588 0
27178 0
13589 0
6795 0
3398 0
9891 0
4946 0
-87640 0
-43821 0
-5527 0
-2764 0
-1383 0
-692 0
7846 0
3923 0
42921 0
21460 0
27114 0
13557 0
6779 0
3390 0
9887 0
4944 0
-22105 0
-11053 0
10858 0
5429 0
2715 0
1358 0
8871 0
4436 0
108714 0
54358 0
43564 0
21783 0
10893 0
5448 0
10917 0
5460 0
-218454 0
-109227 0
-38230 0
-19116 0
-9559 0
-4780 0
5802 0
2901 0
42410 0
21205 0
26986 0
13493 0
6747 0
3374 0
9879 0
4940 0
-22107 0
-11054 0
10858 0
5429 0
2715 0
1358 0
8871 0
4436 0
108714 0
54358 0
43564 0
21783 0
10893 0
5448 0
10917 0
5460 0
-152918 0
-76459 0
-21846 0
-10923 0
-5462 0
-2731 0
6827 0
3414 0
108203 0
54102 0
43436 0
21719 0
10861 0
5432 0
10909 0
5456 0
-21848 0
-10923 0
10924 0
5463 0
2733 0
1368 0
8877 0
4440 0
239789 0
119897 0
76335 0
38170 0
19088 0
9547 0
12969 0
6488 0
-480082 0
-240040 0
-103636 0
-51818 0
-25910 0
-12956 0
1714 0
857 0
41388 0
20694 0
26731 0
13366 0
6683 0
3342 0
9863 0
4932 0
-22111 0
-11056 0
10857 0
5429 0
2715 0
1358 0
8871 0
4436 0
108714 0
54358 0
43564 0
21783 0
10893 0
5448 0
10917 0
5460 0
-152918 0
-76459 0
-21846 0
-10923 0
-5462 0
-2731 0
6827 0
3414 0
108203 0
54102 0
43436 0
21719 0
10861 0
5432 0
10909 0
5456 0
-21848 0
-10923 0
10924 0
5463 0
2733 0
1368 0
8877 0
4440 0
239789 0
119897 0
76335 0
38170 0
19088 0
9547 0
12969 0
6488 0
-414546 0
-207272 0
-87252 0
-43626 0
-21813 0
-10907 0
2739 0
1370 0
107181 0
53591 0
43180 0
21591 0
10797 0
5400 0
10893 0
5448 0
-21852 0
-10925 0
10923 0
5463 0
2733 0
1368 0
8877 0
4440 0
239789 0
119897 0
76335 0
38170 0
19088 0
9547 0
12969 0
6488 0
-283474 0
-141735 0
-54482 0
-27240 0
-13619 0
-6809 0
4789 0
2396 0
238767 0
119386 0
76080 0
38043 0
19024 0
9515 0
12953 0
6480 0
-21334 0
-10664 0
11056 0
5531 0
2769 0
1388 0
8889 0
4448 0
501939 0
250975 0
141878 0
70946 0
35480 0
17747 0
17073 0
8544 0
-1003338 0
-501666 0
-234448 0
-117224 0
-58612 0
-29307 0
-6462 0
-3232 0
39344 0
19672 0
26220 0
13110 0
6555 0
3278 0
9831 0
4916 0
-22119 0
-11060 0
10855 0
5428 0
2714 0
1357 0
8871 0
4436 0
108714 0
54358 0
43564 0
21783 0
10893 0
5448 0
10917 0
5460 0
-152918 0
-76459 0
-21846 0
-10923 0
-5462 0
-2731 0
6827 0
3414 0
108203 0
54102 0
43436 0
21719 0
10861 0
5432 0
10909 0
5456 0
-21848 0
-10923 0
10924 0
5463 0
2733 0
1368 0
8877 0
4440 0
239789 0
119897 0
76335 0
38170 0
19088 0
9547 0
12969 0
6488 0
-414546 0
-207272 0
-87252 0
-43626 0
-21813 0
-10907 0
2739 0
1370 0
107181 0
53591 0
43180 0
21591 0
10797 0
5400 0
10893 0
5448 0
-21852 0
-10925 0
10923 0
5463 0
2733 0
1368 0
8877 0
4440 0
239789 0
119897 0
76335 0
38170 0
19088 0
9547 0
12969 0
6488 0
-283474 0
-141735 0
-54482 0
-27240 0
-13619 0
-6809 0
4789 0
2396 0
238767 0
119386 0
76080 0
38043 0
19024 0
9515 0
12953 0
6480 0
-21334 0
-10664 0
11056 0
5531 0
2769 0
1388 0
8889 0
4448 0
501939 0
250975 0
141878 0
70946 0
35480 0
17747 0
17073 0
8544 0
-937802 0
-468898 0
-218064 0
-109032 0
-54516 0
-27258 0
-5437 0
-2719 0
105137 0
52569 0
42669 0
21335 0
10669 0
5336 0
10861 0
5432 0
-21860 0
-10929 0
10921 0
5462 0
2732 0
1367 0
8877 0
4440 0
239789 0
119897 0
76335 0
38170 0
19088 0
9547 0
12969 0
6488 0
-283474 0
-141735 0
-54482 0
-27240 0
-13619 0
-6809 0
4789 0
2396 0
238767 0
119386 0
76080 0
38043 0
19024 0
9515 0
12953 0
6480 0
-21334 0
-10664 0
11056 0
5531 0
2769 0
1388 0
8889 0
4448 0
501939 0
250975 0
141878 0
70946 0
35480 0
17747 0
17073 0
8544 0
-806730 0
-403361 0
-185294 0
-92646 0
-46322 0
-23160 0
-3387 0
-1693 0
236723 0
118364 0
75569 0
37787 0
18896 0
9451 0
12921 0
6464 0
-21342 0
-10668 0
11054 0
5530 0
2768 0
1387 0
8889 0
4448 0
501939 0
250975 0
141878 0
70946 0
35480 0
17747 0
17073 0
8544 0
-544586 0
-272288 0
-119756 0
-59875 0
-29935 0
-14965 0
713 0
360 0
499895 0
249953 0
141367 0
70690 0
35352 0
17683 0
17041 0
8528 0
-20306 0
-10146 0
11319 0
5667 0
2841 0
1428 0
8913 0
4464 0
1026239 0
513131 0
272963 0
136496 0
68263 0
34146 0
25280 0
12655 0
-2049850 0
-1024918 0
-545224 0
-272611 0
-136306 0
-68154 0
-50462 0
-25232 0
3769 0
1885 0
-31827 0
-15914 0
-7957 0
-3979 0
-18374 0
-9188 0
44559 0
22280 0
-21629 0
-10815 0
-5408 0
-2704 0
-17737 0
-8869 0
-20818 0
-10410 0
-37974 0
-18988 0
-9495 0
-4748 0
-18759 0
-9381 0
109998 0
54999 0
-5270 0
-2635 0
-1318 0
-659 0
-16714 0
-8358 0
-20563 0
-10282 0
-37910 0
-18956 0
-9479 0
-4740 0
-18755 0
-9379 0
44463 0
22231 0
-21654 0
-10828 0
-5415 0
-2708 0
-17739 0
-8871 0
-86356 0
-43179 0
-54360 0
-27182 0
-13593 0
-6798 0
-19785 0
-9895 0
240812 0
120405 0
27434 0
13717 0
6858 0
3429 0
-14671 0
-7336 0
-20052 0
-10027 0
-37783 0
-18892 0
-9447 0
-4724 0
-18747 0
-9375 0
44465 0
22232 0
-21654 0
-10828 0
-5415 0
-2708 0
-17739 0
-8871 0
-86356 0
-43179 0
-54360 0
-27182 0
-13593 0
-6798 0
-19785 0
-9895 0
175276 0
87637 0
11049 0
5524 0
2761 0
1380 0
-15696 0
-7849 0
-85845 0
-42924 0
-54232 0
-27118 0
-13561 0
-6782 0
-19777 0
-9891 0
44206 0
22102 0
-21720 0
-10862 0
-5433 0
-2718 0
-17745 0
-8875 0
-217431 0
-108718 0
-87131 0
-43569 0
-21788 0
-10898 0
-21837 0
-10923 0
502440 0
251218 0
92840 0
46420 0
23210 0
11605 0
-10583 0
-5292 0
-19030 0
-9516 0
-37527 0
-18764 0
-9383 0
-4692 0
-18731 0
-9367 0
44469 0
22234 0
-21653 0
-10827 0
-5414 0
-2708 0
-17739 0
-8871 0
-86356 0
-43179 0
-54360 0
-27182 0
-13593 0
-6798 0
-19785 0
-9895 0
175276 0
87637 0
11049 0
5524 0
2761 0
1380 0
-15696 0
-7849 0
-85845 0
-42924 0
-54232 0
-27118 0
-13561 0
-6782 0
-19777 0
-9891 0
44206 0
22102 0
-21720 0
-10862 0
-5433 0
-2718 0
-17745 0
-8875 0
-217431 0
-108718 0
-87131 0
-43569 0
-21788 0
-10898 0
-21837 0
-10923 0
436904 0
218450 0
76455 0
38227 0
19113 0
9556 0
-11608 0
-5805 0
-84823 0
-42413 0
-53977 0
-26990 0
-13497 0
-6750 0
-19761 0
-9883 0
44210 0
22104 0
-21719 0
-10861 0
-5432 0
-2718 0
-17745 0
-8875 0
-217431 0
-108718 0
-87131 0
-43569 0
-21788 0
-10898 0
-21837 0
-10923 0
305832 0
152914 0
43687 0
21842 0
10919 0
5458 0
-13658 0
-6831 0
-216409 0
-108207 0
-86875 0
-43441 0
-21724 0
-10866 0
-21821 0
-10915 0
43692 0
21843 0
-21851 0
-10929 0
-5468 0
-2738 0
-17757 0
-8883 0
-479581 0
-239796 0
-152673 0
-76344 0
-38180 0
-19098 0
-25941 0
-12979 0
1025696 0
512844 0
223652 0
111825 0
55912 0
27956 0
-2408 0
-1205 0
-16986 0
-8494 0
-37016 0
-18509 0
-9255 0
-4628 0
-18699 0
-9351 0
44477 0
22238 0
-21651 0
-10826 0
-5414 0
-2708 0
-17739 0
-8871 0
-86356 0
-43179 0
-54360 0
-27182 0
-13593 0
-6798 0
-19785 0
-9895 0
175276 0
87637 0
11049 0
5524 0
2761 0
1380 0
-15696 0
-7849 0
-85845 0
-42924 0
-54232 0
-27118 0
-13561 0
-6782 0
-19777 0
-9891 0
44206 0
22102 0
-21720 0
-10862 0
-5433 0
-2718 0
-17745 0
-8875 0
-217431 0
-108718 0
-87131 0
-43569 0
-21788 0
-10898 0
-21837 0
-10923 0
436904 0
218450 0
76455 0
38227 0
19113 0
9556 0
-11608 0
-5805 0
-84823 0
-42413 0
-53977 0
-26990 0
-13497 0
-6750 0
-19761 0
-9883 0
44210 0
22104 0
-21719 0
-10861 0
-5432 0
-2718 0
-17745 0
-8875 0
-217431 0
-108718 0
-87131 0
-43569 0
-21788 0
-10898 0
-21837 0
-10923 0
305832 0
152914 0
43687 0
21842 0
10919 0
5458 0
-13658 0
-6831 0
-216409 0
-108207 0
-86875 0
-43441 0
-21724 0
-10866 0
-21821 0
-10915 0
43692 0
21843 0
-21851 0
-10929 0
-5468 0
-2738 0
-17757 0
-8883 0
-479581 0
-239796 0
-152673 0
-76344 0
-38180 0
-19098 0
-25941 0
-12979 0
960160 0
480076 0
207267 0
103632 0
51815 0
25907 0
-3433 0
-1718 0
-82779 0
-41391 0
-53466 0
-26735 0
-13369 0
-6686 0
-19729 0
-9867 0
44218 0
22108 0
-21717 0
-10860 0
-5432 0
-2718 0
-17745 0
-8875 0
-217431 0
-108718 0
-87131 0
-43569 0
-21788 0
-10898 0
-21837 0
-10923 0
305832 0
152914 0
43687 0
21842 0
10919 0
5458 0
-13658 0
-6831 0
-216409 0
-108207 0
-86875 0
-43441 0
-21724 0
-10866 0
-21821 0
-10915 0
43692 0
21843 0
-21851 0
-10929 0
-5468 0
-2738 0
-17757 0
-8883 0
-479581 0
-239796 0
-152673 0
-76344 0
-38180 0
-19098 0
-25941 0
-12979 0
829088 0
414540 0
174499 0
87247 0
43622 0
21809 0
-5483 0
-2744 0
-214365 0
-107185 0
-86364 0
-43186 0
-21597 0
-10802 0
-21789 0
-10899 0
43700 0
21847 0
-21849 0
-10928 0
-5468 0
-2738 0
-17757 0
-8883 0
-479581 0
-239796 0
-152673 0
-76344 0
-38180 0
-19098 0
-25941 0
-12979 0
566944 0
283467 0
108961 0
54477 0
27235 0
13614 0
-9582 0
-4795 0
-477537 0
-238774 0
-152162 0
-76088 0
-38052 0
-19034 0
-25909 0
-12963 0
42664 0
21325 0
-22114 0
-11065 0
-5540 0
-2778 0
-17781 0
-8899 0
-1003881 0
-501952 0
-283758 0
-141894 0
-70962 0
-35497 0
-34149 0
-17090 0
2039441 0
1019713 0
559005 0
279501 0
139750 0
69875 0
59514 0
29756 0
6685 0
3342 0
50822 0
25411 0
12705 0
6352 0
27752 0
13876 0
-66791 0
-33396 0
32454 0
16227 0
8113 0
4056 0
26604 0
13302 0
63994 0
31997 0
65151 0
32576 0
16289 0
8145 0
28649 0
14325 0
-197636 0
-98818 0
-258 0
-130 0
-66 0
-34 0
24559 0
12279 0
63483 0
31742 0
65023 0
32512 0
16257 0
8129 0
28641 0
14321 0
-66567 0
-33283 0
32512 0
16257 0
8129 0
4065 0
26609 0
13305 0
195068 0
97536 0
97922 0
48964 0
24485 0
12245 0
30701 0
15353 0
-459262 0
-229630 0
-65663 0
-32832 0
-16416 0
-8209 0
20472 0
10236 0
62461 0
31231 0
64768 0
32385 0
16193 0
8097 0
28625 0
14313 0
-66571 0
-33285 0
32511 0
16256 0
8129 0
4065 0
26609 0
13305 0
195068 0
97536 0
97922 0
48964 0
24485 0
12245 0
30701 0
15353 0
-328191 0
-164094 0
-32894 0
-16446 0
-8223 0
-4111 0
22522 0
11262 0
194046 0
97025 0
97667 0
48836 0
24421 0
12213 0
30685 0
15345 0
-66053 0
-33024 0
32643 0
16324 0
8165 0
4085 0
26621 0
13313 0
457216 0
228613 0
163464 0
81738 0
40876 0
20445 0
34805 0
17409 0
-982515 0
-491255 0
-196475 0
-98237 0
-49119 0
-24560 0
12296 0
6148 0
60417 0
30209 0
64257 0
32129 0
16065 0
8033 0
28593 0
14297 0
-66579 0
-33289 0
32509 0
16255 0
8128 0
4065 0
26609 0
13305 0
195068 0
97536 0
97922 0
48964 0
24485 0
12245 0
30701 0
15353 0
-328191 0
-164094 0
-32894 0
-16446 0
-8223 0
-4111 0
22522 0
11262 0
194046 0
97025 0
97667 0
48836 0
24421 0
12213 0
30685 0
15345 0
-66053 0
-33024 0
32643 0
16324 0
8165 0
4085 0
26621 0
13313 0
457216 0
228613 0
163464 0
81738 0
40876 0
20445 0
34805 0
17409 0
-851444 0
-425719 0
-163706 0
-81852 0
-40925 0
-20462 0
14346 0
7174 0
192002 0
96003 0
97156 0
48581 0
24293 0
12149 0
30653 0
15329 0
-66061 0
-33028 0
32641 0
16323 0
8164 0
4085 0
26621 0
13313 0
457216 0
228613 0
163464 0
81738 0
40876 0
20445 0
34805 0
17409 0
-589302 0
-294647 0
-98168 0
-49081 0
-24538 0
-12267 0
18446 0
9226 0
455172 0
227591 0
162953 0
81483 0
40748 0
20381 0
34773 0
17393 0
-65026 0
-32507 0
32906 0
16460 0
8237 0
4125 0
26645 0
13329 0
981512 0
490767 0
294548 0
147288 0
73658 0
36844 0
43013 0
21521 0
-2029019 0
-1014503 0
-458097 0
-229047 0
-114523 0
-57262 0
-4055 0
-2028 0
56330 0
28165 0
63235 0
31618 0
15810 0
7906 0
28530 0
14266 0
-66595 0
-33297 0
32505 0
16253 0
8127 0
4064 0
26609 0
13305 0
195068 0
97536 0
97922 0
48964 0
24485 0
12245 0
30701 0
15353 0
-328191 0
-164094 0
-32894 0
-16446 0
-8223 0
-4111 0
22522 0
11262 0
194046 0
97025 0
97667 0
48836 0
24421 0
12213 0
30685 0
15345 0
-66053 0
-33024 0
32643 0
16324 0
8165 0
4085 0
26621 0
13313 0
457216 0
228613 0
163464 0
81738 0
40876 0
20445 0
34805 0
17409 0
-851444 0
-425719 0
-163706 0
-81852 0
-40925 0
-20462 0
14346 0
7174 0
192002 0
96003 0
97156 0
48581 0
24293 0
12149 0
30653 0
15329 0
-66061 0
-33028 0
32641 0
16323 0
8164 0
4085 0
26621 0
13313 0
457216 0
228613 0
163464 0
81738 0
40876 0
20445 0
34805 0
17409 0
-589302 0
-294647 0
-98168 0
-49081 0
-24538 0
-12267 0
18446 0
9226 0
455172 0
227591 0
162953 0
81483 0
40748 0
20381 0
34773 0
17393 0
-65026 0
-32507 0
32906 0
16460 0
8237 0
4125 0
26645 0
13329 0
981512 0
490767 0
294548 0
147288 0
73658 0
36844 0
43013 0
21521 0
-1897948 0
-948967 0
-425328 0
-212662 0
-106330 0
-53164 0
-2005 0
-1002 0
187915 0
93959 0
96134 0
48070 0
24038 0
12022 0
30590 0
15298 0
-66077 0
-33036 0
32637 0
16321 0
8163 0
4084 0
26621 0
13313 0
457216 0
228613 0
163464 0
81738 0
40876 0
20445 0
34805 0
17409 0
-589302 0
-294647 0
-98168 0
-49081 0
-24538 0
-12267 0
18446 0
9226 0
455172 0
227591 0
162953 0
81483 0
40748 0
20381 0
34773 0
17393 0
-65026 0
-32507 0
32906 0
16460 0
8237 0
4125 0
26645 0
13329 0
981512 0
490767 0
294548 0
147288 0
73658 0
36844 0
43013 0
21521 0
-1635806 0
-817895 0
-359790 0
-179891 0
-89942 0
-44968 0
2096 0
1051 0
451085 0
225547 0
161931 0
80972 0
40493 0
20253 0
34709 0
17361 0
-65042 0
-32515 0
32902 0
16458 0
8236 0
4125 0
26645 0
13329 0
981512 0
490767 0
294548 0
147288 0
73658 0
36844 0
43013 0
21521 0
-1111522 0
-555751 0
-228715 0
-114350 0
-57168 0
-28577 0
10295 0
5155 0
977425 0
488723 0
293526 0
146777 0
73403 0
36716 0
42949 0
21489 0
-62970 0
-31471 0
33432 0
16731 0
8380 0
4205 0
26693 0
13361 0
2030104 0
1015075 0
556716 0
278387 0
139223 0
69642 0
59428 0
29745 0
-4089259 0
-2044615 0
-1087836 0
-543915 0
-271957 0
-135979 0
-100759 0
-50381 0
7579 0
3790 0
-63642 0
-31822 0
-15912 0
-7957 0
-36748 0
-18375 0
89117 0
44558 0
-43258 0
-21630 0
-10816 0
-5409 0
-35474 0
-17738 0
-41637 0
-20820 0
-75947 0
-37975 0
-18989 0
-9496 0
-37518 0
-18761 0
219995 0
109997 0
-10539 0
-5270 0
-2636 0
-1319 0
-33429 0
-16715 0
-41126 0
-20564 0
-75819 0
-37911 0
-18957 0
-9480 0
-37510 0
-18757 0
88925 0
44461 0
-43307 0
-21655 0
-10829 0
-5416 0
-35478 0
-17741 0
-172712 0
-86359 0
-108718 0
-54362 0
-27185 0
-13596 0
-39570 0
-19789 0
481623 0
240810 0
54868 0
27434 0
13717 0
6858 0
-29341 0
-14671 0
-40104 0
-20053 0
-75564 0
-37783 0
-18893 0
-9448 0
-37494 0
-18749 0
88929 0
44463 0
-43306 0
-21655 0
-10829 0
-5416 0
-35478 0
-17741 0
-172712 0
-86359 0
-108718 0
-54362 0
-27185 0
-13596 0
-39570 0
-19789 0
350551 0
175273 0
22099 0
11048 0
5523 0
2760 0
-31391 0
-15697 0
-171690 0
-85848 0
-108463 0
-54235 0
-27121 0
-13564 0
-39554 0
-19781 0
88411 0
44202 0
-43439 0
-21723 0
-10865 0
-5436 0
-35490 0
-17749 0
-434862 0
-217437 0
-174261 0
-87138 0
-43576 0
-21796 0
-43674 0
-21845 0
1004879 0
502436 0
185680 0
92839 0
46419 0
23209 0
-21165 0
-10583 0
-38060 0
-19031 0
-75053 0
-37528 0
-18766 0
-9385 0
-37463 0
-18733 0
88937 0
44467 0
-43304 0
-21654 0
-10829 0
-5416 0
-35478 0
-17741 0
-172712 0
-86359 0
-108718 0
-54362 0
-27185 0
-13596 0
-39570 0
-19789 0
350551 0
175273 0
22099 0
11048 0
5523 0
2760 0
-31391 0
-15697 0
-171690 0
-85848 0
-108463 0
-54235 0
-27121 0
-13564 0
-39554 0
-19781 0
88411 0
44202 0
-43439 0
-21723 0
-10865 0
-5436 0
-35490 0
-17749 0
-434862 0
-217437 0
-174261 0
-87138 0
-43576 0
-21796 0
-43674 0
-21845 0
873807 0
436899 0
152911 0
76454 0
38225 0
19111 0
-23215 0
-11609 0
-169646 0
-84826 0
-107952 0
-53979 0
-26993 0
-13500 0
-39522 0
-19765 0
88419 0
44206 0
-43437 0
-21722 0
-10865 0
-5436 0
-35490 0
-17749 0
-434862 0
-217437 0
-174261 0
-87138 0
-43576 0
-21796 0
-43674 0
-21845 0
611663 0
305826 0
87373 0
43683 0
21838 0
10916 0
-27315 0
-13661 0
-432818 0
-216415 0
-173750 0
-86882 0
-43448 0
-21732 0
-43642 0
-21829 0
87383 0
43684 0
-43702 0
-21859 0
-10937 0
-5476 0
-35514 0
-17765 0
-959162 0
-479593 0
-305346 0
-152688 0
-76359 0
-38195 0
-51882 0
-25957 0
2051391 0
1025688 0
447304 0
223650 0
111824 0
55911 0
-4814 0
-2408 0
-33972 0
-16987 0
-74031 0
-37017 0
-18510 0
-9257 0
-37399 0
-18701 0
88953 0
44475 0
-43300 0
-21652 0
-10828 0
-5416 0
-35478 0
-17741 0
-172712 0
-86359 0
-108718 0
-54362 0
-27185 0
-13596 0
-39570 0
-19789 0
350551 0
175273 0
22099 0
11048 0
5523 0
2760 0
-31391 0
-15697 0
-171690 0
-85848 0
-108463 0
-54235 0
-27121 0
-13564 0
-39554 0
-19781 0
88411 0
44202 0
-43439 0
-21723 0
-10865 0
-5436 0
-35490 0
-17749 0
-434862 0
-217437 0
-174261 0
-87138 0
-43576 0
-21796 0
-43674 0
-21845 0
873807 0
436899 0
152911 0
76454 0
38225 0
19111 0
-23215 0
-11609 0
-169646 0
-84826 0
-107952 0
-53979 0
-26993 0
-13500 0
-39522 0
-19765 0
88419 0
44206 0
-43437 0
-21722 0
-10865 0
-5436 0
-35490 0
-17749 0
-434862 0
-217437 0
-174261 0
-87138 0
-43576 0
-21796 0
-43674 0
-21845 0
611663 0
305826 0
87373 0
43683 0
21838 0
10916 0
-27315 0
-13661 0
-432818 0
-216415 0
-173750 0
-86882 0
-43448 0
-21732 0
-43642 0
-21829 0
87383 0
43684 0
-43702 0
-21859 0
-10937 0
-5476 0
-35514 0
-17765 0
-959162 0
-479593 0
-305346 0
-152688 0
-76359 0
-38195 0
-51882 0
-25957 0
1920319 0
960151 0
414535 0
207265 0
103630 0
51813 0
-6864 0
-3434 0
-165558 0
-82782 0
-106930 0
-53468 0
-26738 0
-13373 0
-39459 0
-19733 0
88435 0
44214 0
-43433 0
-21720 0
-10864 0
-5436 0
-35490 0
-17749 0
-434862 0
-217437 0
-174261 0
-87138 0
-43576 0
-21796 0
-43674 0
-21845 0
611663 0
305826 0
87373 0
43683 0
21838 0
10916 0
-27315 0
-13661 0
-432818 0
-216415 0
-173750 0
-86882 0
-43448 0
-21732 0
-43642 0
-21829 0
87383 0
43684 0
-43702 0
-21859 0
-10937 0
-5476 0
-35514 0
-17765 0
-959162 0
-479593 0
-305346 0
-152688 0
-76359 0
-38195 0
-51882 0
-25957 0
1658175 0
829078 0
348997 0
174494 0
87243 0
43618 0
-10964 0
-5486 0
-428730 0
-214371 0
-172728 0
-86371 0
-43193 0
-21604 0
-43578 0
-21797 0
87399 0
43692 0
-43698 0
-21857 0
-10936 0
-5476 0
-35514 0
-17765 0
-959162 0
-479593 0
-305346 0
-152688 0
-76359 0
-38195 0
-51882 0
-25957 0
1133887 0
566932 0
217921 0
108952 0
54468 0
27227 0
-19163 0
-9589 0
-955074 0
-477549 0
-304324 0
-152177 0
-76104 0
-38067 0
-51818 0
-25925 0
85327 0
42648 0
-44228 0
-22130 0
-11081 0
-5556 0
-35562 0
-17797 0
-2007762 0
-1003905 0
-567516 0
-283788 0
-141925 0
-70994 0
-68297 0
-34180 0
4078880 0
